N 61 33 64 64 58 30 59 32 44 26 46 30 42 60 27 46 29 60 30 61 43 58 32 62 30 44 41 31 42 30
N 28 59 47 57 46 43 63 46 62 45 36 44 32 30 29 59 30 62 59 28 55 61 26 25 44 62 44 43 26 30
N 58 30 43 28 56 47 59 25 45 32 48 29 30 46 59 59 48 45 59 28 62 28 44 59 64 47 58 61 58 61
N 29 29 31 29 43 34 28 32 45 56 45 29 47 45 33 48 33 59 28 30 58 32 29 44 59 32 45 45 28 46
N 29 47 32 29 43 30 46 63 47 57 29 60 32 45 32 28 59 44 30 32 43 45 58 32 61 60 32 45 45 59
N 43 47 63 27 30 44 61 48 44 30 44 28 43 60 28 61 47 60 42 59 29 43 32 46 44 30 25 61 60 43
N 47 33 45 60 42 32 61 61 60 59 30 59 45 60 49 48 31 60 49 57 30 60 43 57 57 34 41 29 29 63
N 59 44 29 34 44 28 61 44 46 58 59 28 60 30 61 29 43 59 63 47 61 34 29 29 43 27 27 29 34 34
N 47 59 35 29 31 58 60 27 48 28 45 58 43 46 46 49 60 46 30 57 46 59 32 61 46 30 32 31 40 43
N 42 27 44 43 33 59 29 46 44 62 46 33 47 29 41 30 44 32 57 32 28 57 29 46 47 29 42 61 29 26
N 31 31 44 59 28 60 61 32 61 26 45 59 33 60 31 33 63 28 42 30 27 57 62 43 30 43 61 46 59 32
N 30 28 57 29 32 47 45 30 32 57 33 47 59 28 61 36 56 46 45 44 58 30 46 58 28 29 44 37 48 32
N 61 29 62 29 46 59 61 26 44 26 41 62 43 33 62 46 64 41 34 44 28 30 30 44 29 47 34 56 29 59
N 44 30 60 30 30 30 29 61 29 60 31 60 46 60 29 30 31 48 47 64 31 43 61 47 60 46 59 29 44 27
N 30 62 32 62 29 46 59 57 60 60 58 30 57 29 45 31 46 29 45 28 32 29 60 30 27 43 47 60 44 58
N 30 61 48 47 31 61 42 45 30 32 29 47 58 41 57 46 31 44 60 31 43 42 32 59 60 32 43 61 62 59
N 59 60 46 30 29 62 44 59 62 45 29 62 63 29 43 29 60 29 28 45 29 43 60 47 59 59 42 60 44 58
N 64 33 43 62 59 62 30 59 31 43 62 44 61 26 43 31 30 27 61 32 61 44 33 46 60 31 46 60 34 46
N 29 56 46 31 58 31 45 29 46 43 49 60 31 60 60 41 61 48 30 44 26 32 44 29 42 33 33 32 32 43
N 61 47 31 47 32 45 63 32 61 28 44 28 45 60 31 29 31 60 29 43 44 47 31 47 30 61 32 30 33 46
N 30 45 49 60 30 31 45 61 57 47 58 57 29 63 29 30 60 44 60 28 34 43 46 31 46 59 47 48 64 30
N 32 42 32 60 29 28 32 42 27 42 45 47 60 59 30 62 29 59 45 29 62 30 41 58 30 61 61 44 31 45
N 45 33 32 60 47 30 30 61 45 57 32 32 44 44 42 61 35 43 30 32 43 60 30 29 44 33 58 45 30 62
N 46 61 45 61 45 60 32 47 62 30 44 30 30 44 66 31 43 59 29 42 61 46 58 47 61 47 60 41 46 60
N 61 30 44 57 30 60 45 60 27 28 30 29 58 61 31 31 30 48 64 31 29 61 29 31 47 60 28 41 57 30
N 42 62 27 63 32 45 32 32 61 31 41 60 27 33 27 62 29 33 42 49 28 33 46 59 43 43 56 35 47 32
N 42 51 29 45 31 27 60 28 47 59 63 29 30 28 30 34 61 61 32 63 56 30 60 29 61 47 32 30 60 29
N 44 30 43 62 44 47 44 59 27 63 43 64 46 26 44 45 58 42 27 58 47 60 59 30 61 46 61 31 29 45
N 47 53 31 63 45 42 29 30 62 28 49 61 30 59 62 33 45 59 32 62 41 64 61 31 28 43 27 59 29 29
N 60 33 62 28 32 47 31 59 45 27 59 31 59 29 31 28 61 29 60 42 60 44 26 32 44 59 60 31 44 45
N 28 62 45 63 61 61 59 24 48 30 63 60 30 28 45 30 44 43 28 43 60 28 47 32 44 46 59 58 30 61
N 42 30 63 34 43 31 47 64 31 59 58 29 60 46 33 61 45 58 27 62 43 32 60 32 28 44 63 28 28 42
N 33 48 62 44 60 46 29 27 60 28 47 59 46 29 44 30 60 61 33 30 58 26 29 47 30 60 56 31 34 32
N 64 28 44 33 30 33 59 59 47 31 44 28 30 61 44 61 30 59 31 43 59 46 28 60 58 28 30 59 45 59
N 47 30 30 30 59 44 32 28 60 28 28 57 41 64 34 31 66 28 44 29 44 33 58 32 29 59 32 59 50 58
N 58 46 47 28 43 47 29 60 26 48 56 26 45 44 59 59 27 44 44 60 28 32 59 31 48 61 32 33 30 45
N 59 44 33 33 49 30 59 44 32 56 60 57 32 44 55 29 29 48 47 49 34 49 27 47 43 56 31 46 31 60
N 43 61 57 30 28 28 58 32 58 34 48 45 62 28 34 41 43 59 59 33 45 30 44 59 43 58 34 47 61 44
N 47 46 65 31 45 26 60 30 30 59 29 56 58 30 29 46 62 31 28 43 25 45 31 27 58 46 29 32 30 32
N 61 30 33 44 31 28 61 46 60 29 62 31 59 62 31 46 60 32 32 41 62 45 46 32 62 27 46 32 66 47
N 59 28 62 46 61 29 47 59 61 29 30 32 60 30 48 30 27 30 27 46 61 62 62 30 51 44 59 29 57 30
N 27 57 47 31 25 61 48 29 45 28 60 33 59 47 29 32 46 40 29 60 62 60 46 61 61 28 46 61 62 33
N 60 27 45 60 43 27 44 60 64 61 46 44 60 29 65 45 30 46 61 29 61 46 44 29 59 31 45 46 59 31
N 31 64 43 28 59 31 28 47 29 32 46 34 56 32 43 45 59 32 45 57 29 45 31 60 27 30 31 62 29 33
N 31 28 47 30 32 45 61 59 29 44 45 58 34 60 44 49 59 47 29 62 31 46 58 47 28 57 45 45 61 61
N 48 29 45 58 30 46 29 58 47 29 34 34 47 47 60 32 47 61 28 59 47 59 31 44 44 31 32 47 31 26
N 32 33 43 29 42 60 31 61 44 62 62 59 30 31 60 30 43 43 61 29 32 59 27 30 61 47 32 45 58 60
N 61 61 28 31 29 43 26 45 44 26 32 33 27 60 30 46 57 44 26 63 46 28 46 57 47 30 32 48 32 59
N 62 46 49 63 29 31 62 47 30 59 32 31 28 60 30 47 61 30 42 43 44 33 63 32 41 44 64 34 62 45
N 43 30 31 48 44 62 61 61 31 29 45 45 60 44 58 28 47 29 61 30 43 59 31 46 60 30 29 60 30 62
N 43 44 31 42 62 25 42 63 43 63 46 30 33 44 45 63 30 45 33 45 29 30 56 60 59 45 59 29 31 63
N 45 28 44 45 29 60 31 60 29 46 29 27 46 59 62 58 31 63 28 47 45 57 45 56 44 58 31 31 31 29
N 44 29 58 30 46 63 28 45 57 34 59 44 49 44 61 28 60 60 32 44 60 46 43 61 32 61 43 61 29 28
N 31 32 61 30 28 60 28 46 29 58 26 41 58 29 46 60 31 29 31 26 27 57 31 30 46 63 28 45 62 63
N 63 47 26 31 45 61 47 60 27 31 49 60 47 64 45 29 42 62 29 31 48 41 44 57 47 62 61 30 58 62
N 46 30 58 61 44 63 63 44 64 30 47 59 41 60 29 28 47 57 63 29 29 59 32 61 47 28 58 23 45 29
N 29 28 46 29 31 31 45 60 32 33 43 30 64 46 63 28 44 43 45 29 44 62 45 60 41 42 59 58 45 47
N 44 30 43 59 31 46 31 27 47 34 59 48 27 62 31 61 32 57 27 46 42 32 46 48 44 59 44 30 31 45
N 30 60 31 47 64 61 62 27 31 26 60 32 61 29 32 61 42 46 45 61 31 60 31 45 30 60 45 61 44 65
N 30 59 27 60 32 44 61 28 37 32 30 59 48 45 44 45 27 27 44 47 33 46 55 30 41 48 62 27 29 45
N 30 45 44 62 46 30 29 49 63 33 61 45 60 32 31 47 45 60 63 30 62 26 46 65 32 60 33 45 58 62
N 58 47 59 31 59 45 42 57 29 64 28 43 62 43 46 48 31 31 61 59 61 58 43 28 59 46 31 45 61 30
N 30 59 30 29 62 27 46 31 60 46 44 58 31 59 30 43 59 29 58 59 60 55 47 28 42 27 62 44 60 31
N 30 63 63 55 31 47 45 57 46 47 48 59 43 64 60 30 60 31 42 27 59 30 59 43 62 31 60 31 31 61
N 43 59 33 64 28 48 61 46 55 43 29 61 62 29 63 29 31 32 45 30 60 30 29 42 29 48 31 30 47 45
N 30 41 27 60 29 44 29 45 60 60 59 29 45 60 63 58 27 61 58 32 47 29 28 28 59 44 41 47 63 47
N 45 33 43 31 42 63 59 29 59 30 31 60 61 46 29 58 29 29 33 63 28 45 57 45 59 33 65 63 59 31
N 45 30 46 60 33 45 63 31 45 28 46 61 62 34 47 60 30 64 47 30 62 29 44 60 28 45 30 44 41 60
N 28 46 30 58 46 28 62 47 46 61 44 64 43 30 31 29 28 32 60 44 29 31 61 45 47 61 31 46 63 46
N 27 30 61 41 30 29 60 48 29 28 44 31 28 33 57 43 59 30 46 29 59 31 44 60 32 30 46 61 42 56
N 59 49 29 60 60 32 61 30 28 58 28 56 61 42 60 29 43 58 26 31 31 44 59 28 41 60 61 60 33 31
N 32 34 44 49 59 47 32 31 57 31 60 47 33 45 57 44 41 58 31 43 29 59 59 29 61 29 45 29 57 31
N 49 60 27 34 63 31 48 29 44 45 31 59 59 33 46 65 29 33 30 28 51 28 58 47 44 59 26 31 60 29
N 29 28 46 44 48 25 31 48 30 31 61 27 44 59 46 26 59 59 46 58 32 45 60 45 31 61 29 26 45 30
N 29 31 60 30 45 33 43 29 60 61 44 64 29 45 27 41 46 29 56 64 31 47 63 30 41 60 47 44 58 30
N 41 34 47 26 46 28 61 45 61 46 43 30 46 45 59 29 61 27 46 60 27 45 58 60 30 30 61 32 28 45
N 58 60 30 28 41 57 30 61 34 46 61 28 32 62 61 59 29 60 28 44 30 46 59 49 63 44 49 31 60 45
N 29 30 58 45 31 32 63 31 47 40 27 58 61 45 60 31 30 63 58 46 58 32 57 30 44 60 61 42 61 59
N 44 60 43 27 45 31 43 60 48 31 46 29 43 44 28 46 61 45 32 28 61 32 26 30 46 59 45 46 29 30
N 45 63 58 44 30 28 28 60 58 61 50 43 27 44 30 62 33 62 27 62 30 61 31 61 45 29 60 30 44 30
A 29 27 29 44 60 32 31 60 28 46 31 46 64 48 47 45 46 47 41 27 29 28 30 31 30 57 30 59 64 44
A 30 29 31 29 56 61 46 46 46 62 31 57 47 43 46 58 30 60 61 65 62 43 44 62 56 30 43 46 48 29
A 46 45 44 63 30 58 34 28 61 30 45 58 29 46 30 61 47 44 60 31 59 45 45 45 58 43 42 60 31 32
A 31 58 27 48 48 49 30 61 30 27 58 32 31 30 45 32 31 44 58 30 47 30 30 46 61 30 32 28 33 61
A 44 44 45 45 47 45 63 32 62 57 48 44 31 30 60 34 31 62 45 59 28 42 47 65 29 45 60 57 64 34
A 42 48 48 45 30 64 36 45 47 45 45 31 29 57 43 59 45 46 30 33 32 29 57 43 44 47 29 60 43 60
A 60 60 42 63 33 63 45 27 30 61 46 31 63 61 29 60 26 61 30 41 59 63 29 31 60 47 44 58 45 43
A 29 31 29 33 33 43 61 61 50 29 62 58 33 46 46 61 59 30 60 59 44 46 29 46 58 45 33 28 30 49
A 63 44 42 58 29 29 33 59 31 46 43 60 27 42 62 28 41 57 44 62 45 43 48 29 30 60 47 43 33 61
A 46 43 43 33 60 31 33 41 41 43 30 43 57 26 60 26 41 44 43 44 45 30 61 62 44 46 43 31 63 33
A 60 45 30 61 43 32 30 45 43 47 44 58 45 31 58 30 31 48 64 30 47 44 47 49 44 48 61 45 45 61
A 58 57 42 61 31 59 32 42 27 61 55 30 42 61 29 59 29 47 46 47 44 42 43 45 30 32 46 42 43 28
A 30 28 33 61 61 46 31 28 48 33 59 28 45 62 28 33 55 29 31 60 30 62 30 27 34 29 28 57 62 44
A 27 45 57 44 49 44 47 44 46 63 28 31 59 29 62 43 44 47 29 27 46 44 62 29 30 60 51 58 30 31
A 33 61 28 55 59 29 30 29 59 26 45 55 45 62 43 31 26 46 46 43 46 57 32 59 33 32 59 63 44 60
A 33 60 58 57 61 56 31 63 44 61 57 30 32 43 28 30 28 45 46 30 31 26 30 44 32 61 27 61 45 47
A 32 29 46 47 51 61 41 30 61 61 31 45 61 46 60 33 62 28 59 33 63 49 46 30 30 60 62 46 44 60
A 26 31 48 64 29 61 42 45 44 61 30 30 61 62 31 58 45 44 60 29 59 47 49 43 61 27 30 30 30 47
A 27 45 45 45 32 32 60 62 28 33 47 44 46 29 60 28 60 32 62 59 45 45 45 30 28 61 25 28 42 32
A 28 45 28 32 59 45 44 62 32 30 27 43 60 31 63 31 34 45 62 31 41 62 61 27 60 28 30 46 45 29
A 49 45 43 30 32 61 29 62 44 30 44 45 44 42 46 60 57 45 42 47 41 61 28 63 28 30 60 29 29 27
A 45 58 61 61 29 29 46 44 45 43 30 59 29 31 61 48 46 60 31 58 29 29 61 32 28 43 33 63 60 57
A 46 60 26 31 29 61 29 57 34 29 30 43 29 60 28 34 59 30 58 44 44 62 46 45 58 46 29 33 43 43
A 44 48 31 26 30 45 46 59 30 28 30 61 27 28 48 45 37 27 29 58 48 47 32 33 33 60 32 27 28 31
A 56 31 29 29 60 43 59 43 46 62 27 46 61 34 28 29 45 41 29 42 47 63 35 62 42 29 43 58 43 47
A 25 60 31 45 46 44 31 60 28 30 31 30 30 31 29 62 27 31 45 44 45 33 59 62 29 59 29 29 63 45
A 61 62 32 44 43 32 44 58 49 62 59 30 47 29 28 32 29 42 57 28 29 29 46 60 25 29 58 46 46 47
A 59 33 57 59 30 42 30 47 45 47 58 30 32 60 46 28 31 47 30 61 30 63 31 33 60 33 61 63 33 61
A 30 43 44 31 62 29 65 27 31 31 45 43 47 45 28 29 59 42 46 58 30 61 28 30 61 30 30 45 29 59
A 46 31 60 31 29 59 30 28 36 28 46 31 57 43 45 46 44 33 30 64 30 59 32 57 30 64 32 32 60 29
A 45 43 48 42 47 29 47 60 30 30 32 43 29 62 31 62 27 30 59 60 47 59 31 59 27 45 60 33 29 57
A 45 28 31 46 62 30 31 44 44 62 59 34 43 45 42 61 29 28 27 32 30 56 29 30 57 28 59 45 59 50
A 32 58 48 44 59 28 57 44 60 33 58 32 29 31 58 62 29 48 62 60 25 30 58 58 30 31 58 30 61 58
A 58 44 63 30 46 59 45 59 32 46 43 47 59 30 32 46 44 41 46 46 44 43 61 57 57 43 59 46 42 44
A 47 31 44 44 45 28 41 42 58 31 32 58 46 43 49 45 46 45 31 30 31 65 45 59 27 60 29 31 59 44
A 63 62 28 61 28 58 29 59 32 61 44 62 28 46 61 28 31 62 44 59 44 58 45 62 59 43 48 32 29 30
A 58 42 43 42 43 29 29 32 61 27 31 45 43 46 63 60 31 32 56 27 32 28 60 25 35 30 59 46 60 28
A 62 48 42 42 46 42 46 46 61 47 60 30 30 61 32 45 47 59 57 60 47 61 30 60 45 47 64 43 25 60
A 60 44 46 42 40 62 27 45 58 45 49 29 60 31 58 34 61 44 45 44 59 28 62 30 46 32 32 45 45 47
A 34 30 60 43 57 48 43 43 61 45 44 32 32 60 33 29 27 28 61 28 46 43 46 50 29 29 32 47 31 31
A 59 29 60 31 59 30 58 33 59 58 58 30 61 27 28 62 46 62 44 47 43 31 31 63 33 28 58 47 63 47
A 32 28 61 28 62 60 61 43 43 45 60 44 46 45 29 57 56 44 46 64 25 42 43 29 46 46 58 29 33 48
A 61 59 44 31 45 44 48 43 44 28 64 45 57 62 28 31 64 30 64 26 31 61 30 60 27 43 58 61 31 59
A 60 33 47 45 43 44 62 59 28 31 62 59 30 30 34 61 63 61 61 63 32 61 58 32 46 43 46 62 45 47
A 60 26 60 47 45 43 50 47 61 43 41 27 45 30 57 59 28 28 63 30 47 47 44 58 33 44 39 31 57 48
A 44 47 58 60 31 63 47 41 45 60 46 46 43 45 48 58 28 61 44 43 46 60 32 60 60 29 57 29 60 30
A 47 30 60 27 61 29 48 27 44 60 49 62 60 32 46 47 46 47 46 31 43 44 30 62 30 28 58 44 46 58
A 33 30 58 30 60 30 62 29 23 45 43 32 60 44 63 31 62 28 59 26 44 46 46 61 45 29 59 61 28 61
A 31 46 33 29 30 58 44 43 57 60 60 61 45 28 29 30 30 30 46 44 43 43 60 59 62 33 43 60 34 59
A 61 30 32 28 60 31 31 25 31 60 45 45 43 44 59 30 44 30 59 32 61 30 45 45 45 47 43 31 57 33
A 57 31 28 60 46 43 32 58 43 41 49 46 47 62 45 58 31 59 45 62 61 31 58 26 30 63 31 31 29 27
A 32 27 30 29 33 47 31 42 28 43 43 51 48 43 30 32 59 49 62 32 33 62 44 29 35 60 47 44 47 60
A 63 32 30 30 60 47 58 30 33 30 26 64 31 29 58 47 48 44 45 44 44 31 43 62 29 60 34 57 29 62
A 60 58 60 44 64 45 44 59 47 49 42 33 30 61 33 30 61 29 32 49 48 60 31 59 44 43 48 42 45 28
A 29 45 58 65 32 32 58 31 34 44 45 63 26 28 46 61 43 56 63 61 29 45 45 62 46 46 45 28 28 60
A 59 33 31 29 30 31 46 45 62 60 50 33 46 48 63 29 44 44 27 49 44 44 47 44 28 56 29 46 45 45
A 30 28 44 48 47 45 31 28 57 44 32 48 60 43 44 58 42 45 60 61 29 45 62 29 46 58 31 61 61 45
A 28 30 29 44 28 27 58 33 34 61 44 28 30 59 59 28 62 47 49 27 45 64 41 60 31 44 28 59 28 62
A 45 57 26 60 26 60 45 61 44 40 60 31 60 33 60 47 30 47 59 30 60 29 60 28 61 28 62 32 33 58
A 44 45 31 33 30 60 29 29 58 47 49 61 28 61 28 49 29 28 45 45 30 58 28 32 28 31 28 57 59 28
A 55 29 59 28 61 33 60 31 31 43 29 29 29 33 62 45 62 27 45 60 32 47 59 46 61 43 62 31 43 46
A 60 31 45 47 46 59 29 59 58 47 42 62 54 26 45 45 31 61 33 44 59 50 60 60 29 56 44 57 47 46
A 63 28 28 45 46 46 46 45 41 48 30 28 29 27 62 61 27 27 58 28 28 47 59 59 43 44 59 47 62 45
A 30 31 32 61 44 32 59 25 30 47 46 26 58 46 28 29 45 32 31 30 31 32 32 60 58 29 26 27 58 30
A 30 28 32 29 46 32 59 47 62 45 57 33 61 30 62 63 32 32 59 27 60 43 46 46 45 28 28 28 31 28
A 49 46 31 29 31 62 61 32 46 28 30 44 61 45 42 44 45 60 29 64 43 44 44 45 62 42 61 59 45 44
A 46 59 31 61 30 61 61 31 63 61 32 60 30 41 60 49 27 46 41 31 30 61 44 58 33 59 45 61 30 28
A 32 30 33 29 30 63 32 46 32 27 61 44 46 46 41 48 47 60 40 58 29 60 27 60 33 31 33 61 30 27
A 30 28 62 32 47 46 45 58 59 45 45 42 61 46 59 45 29 30 29 33 34 61 48 63 30 31 60 44 59 62
A 30 59 64 27 47 28 43 45 40 30 62 59 43 47 44 58 60 62 60 43 44 48 45 45 29 32 28 30 31 32
A 31 57 44 46 45 41 43 61 58 30 63 30 64 32 63 31 43 49 28 31 31 31 31 29 55 33 59 25 61 59
A 60 47 47 59 31 28 31 60 29 60 31 58 30 59 27 60 59 32 60 47 31 61 27 60 47 31 31 27 32 59
A 29 32 28 28 57 35 30 61 63 45 44 59 28 30 58 26 25 30 64 46 48 26 28 62 33 31 27 32 61 44
A 28 29 29 47 64 45 45 43 46 45 44 60 30 58 45 56 45 30 31 58 45 43 43 63 47 59 58 46 46 47
A 56 62 47 60 43 43 32 30 46 62 45 47 58 30 47 62 29 33 61 63 28 30 31 32 29 30 59 43 59 28
A 29 42 43 28 47 31 27 31 30 33 57 46 59 29 44 32 42 50 45 46 43 60 32 38 30 27 46 45 28 58
A 62 28 32 29 61 60 45 57 30 28 45 47 28 45 46 45 58 58 58 30 59 58 44 48 47 59 30 60 64 61
A 61 48 50 43 46 58 44 47 30 45 32 63 26 45 43 46 28 58 30 28 62 61 30 44 63 56 30 31 63 47
A 30 62 61 42 40 59 60 61 46 60 43 45 27 27 33 56 32 56 30 59 27 28 44 43 44 49 29 60 27 58
A 33 47 44 47 61 47 32 59 45 61 64 31 31 32 58 45 28 32 28 28 30 44 58 46 49 43 28 30 28 31
